1 0.307907 -0.0307864
2 0.298621 -0.0294549
3 0.24813 -0.0229116
4 2.16568 -0.292626
5 3.293 -0.3965
6 2.04916 -0.176061
7 0.846352 -0.0396375
8 0.476462 -0.0213157
9 -0.750484 0.122483
10 -0.41883 0.0417623
11 0.205685 -0.0433763
12 0.272888 -0.036537
13 -0.886447 0.133246
14 -0.285701 0.0222938
15 0.49653 -0.0798763
16 0.591164 -0.0721265
17 0.379454 -0.0329142
18 -0.865856 0.125425
19 -0.329381 0.0291465
20 0.274978 -0.0477523
21 -0.564602 0.0795421
22 -0.274916 0.0229552
23 0.116734 -0.0266042
24 0.216321 -0.0302126
25 0.13728 -0.013519
26 -0.655944 0.0990146
27 -0.146702 0.00886555
28 0.274279 -0.0423878
29 0.245559 -0.0280048
30 -0.544383 0.0860294
31 0.0686167 -0.0183856
32 0.28997 -0.0407303
33 0.147912 -0.0136722
34 -0.563677 0.0827525
35 -0.195689 0.0149449
36 0.163059 -0.030531
37 0.178529 -0.0227645
38 -0.470129 0.0676951
39 -0.252899 0.0234843
40 0.10315 -0.0227027
41 0.175969 -0.0244357
42 -0.396022 0.0580822
43 -0.216463 0.0194407
44 -0.0255599 -0.00626313
45 0.0446303 -0.00977044
46 -0.395863 0.0543997
47 -0.112718 0.0056694
48 0.0790447 -0.0165259
49 0.0714774 -0.0094364
50 -1.35543 0.179363
51 0.0939941 -0.0533201
52 0.439613 -0.0690173
53 0.126899 -0.00658394
54 -2.34526 0.34283
55 -2.81816 0.331139
56 -0.912713 0.0339084
57 0.147075 -0.070624
58 0.488216 -0.0777221
59 -0.243487 0.039256
60 -0.447969 0.0561073
61 -0.23334 0.0193207
62 0.654625 -0.095412
63 0.25669 -0.0200003
64 -0.145934 0.0311848
65 -0.0751567 0.0099555
66 0.573842 -0.0814667
67 0.155498 -0.00859515
68 -0.209521 0.0363493
69 -0.15665 0.0186094
70 0.494833 -0.0745029
71 0.374364 -0.0407241
72 -0.043516 0.0196341
73 -0.148431 0.0230434
74 0.386623 -0.0593618
75 0.254531 -0.0261905
76 -0.127762 0.0241637
77 -0.316746 0.0428511
78 0.200307 -0.0363266
79 -0.0327988 0.00830671
80 -0.0569242 0.00795249
81 -0.0654775 0.00754415
82 0.339211 -0.0467331
83 0.112582 -0.00618015
84 -0.107304 0.0216074
85 -0.0870789 0.0113271
86 0.311986 -0.0473044
87 0.138151 -0.01151
88 -0.0186323 0.00779412
89 -0.0692605 0.0108109
90 0.278813 -0.0369416
91 0.0966345 -0.00601017
92 -0.09491 0.016518
93 -0.098211 0.0120402
94 0.237174 -0.0340239
95 0.0854251 -0.00641493
96 -0.0528454 0.0112148
97 -0.0270032 0.00355819
98 0.229677 -0.0332009
99 0.0783061 -0.00502635
100 -0.0547751 0.0114632
101 -0.0629149 0.00837153
102 0.190821 -0.0267554
103 0.0716214 -0.00463693
104 -0.0400796 0.00846004
105 -0.0502892 0.00676415
106 0.15728 -0.0230485
107 0.0680281 -0.00588579
108 -0.029924 0.00734249
109 -0.0351657 0.00500498
110 0.148428 -0.0210831
111 0.0333909 -0.000929226
112 -0.0568971 0.00923921
113 -0.0429173 0.004852
114 0.120994 -0.0183104
115 0.0328993 -0.00156073
116 -0.00718534 0.0028472
117 -0.0193188 0.00297909
118 -0.882791 0.117287
119 -0.723303 0.0750119
120 0.803669 -0.137222
121 0.557204 -0.0626908
122 -0.856184 0.13437
123 -0.672751 0.0753518
124 -0.0772973 -0.010397
125 0.0631058 -0.0178497
126 0.335413 -0.0465463
127 -0.0275812 0.0101229
128 -0.163555 0.0227395
129 -0.105335 0.010291
130 0.314073 -0.0444707
131 0.116958 -0.00772872
132 -0.0737031 0.0156401
133 -0.041639 0.00539951
134 0.30539 -0.042186
135 0.0946356 -0.00528369
136 -0.0658811 0.0134579
137 -0.0790006 0.0104804
138 0.254042 -0.0356551
139 0.0860467 -0.00573091
140 -0.0818833 0.0148278
141 -0.0674603 0.00828336
142 0.214987 -0.0320727
143 0.0345068 -0.000139528
144 -0.0656564 0.0118832
145 -0.050495 0.00605348
146 1.17912 -0.170806
147 0.376721 -0.0262019
148 -1.27135 0.187557
149 0.288689 -0.065275
150 0.531153 -0.0731695
151 0.109853 0.00089713
152 -0.0541007 0.0157995
153 0.0285652 -0.00276777
154 -0.0392712 0.00643295
155 -0.000255886 -0.000814914
156 0.0146858 -0.00232747
157 0.0153026 -0.00180971
158 -0.0853241 0.0123474
159 -0.027532 0.00150791
160 0.00506122 -0.00191997
161 0.00737511 -0.0012404
162 -0.083713 0.0116515
163 -0.0550832 0.00537809
164 0.0286934 -0.0057932
165 0.0389336 -0.00514642
166 -0.0660298 0.0096899
