1 2.33209 0 0.300846
2 3 0 0.390332
3 0.905983 0 0.130378
4 0.872599 0 0.127088
5 2.15205 0 0.289183
6 2.47593 0 0.332135
7 1.91459 0 0.263874
8 1.8293 0 0.256876
9 1.84526 0 0.260718
10 1.85504 0 0.263795
11 1.83857 0 0.263574
12 1.83103 0 0.266293
13 1.82821 0 0.267769
14 1.81626 0 0.268092
15 1.808 0 0.268867
16 1.80007 0 0.269676
17 1.77887 0 0.270584
18 1.72693 0 0.265819
19 1.77747 0 0.273914
20 1.75238 0 0.27253
21 1.72468 0 0.270792
22 1.69036 0 0.266502
23 1.71771 0 0.271639
24 1.72305 0 0.274029
25 1.68136 0 0.270499
26 1.6492 0 0.268128
27 1.66706 0 0.272028
28 1.66746 0 0.273745
29 1.66425 0 0.275008
30 1.60228 0 0.268864
31 1.62998 0 0.273957
32 1.59964 0 0.270164
33 1.609 0 0.272943
34 1.58161 0 0.271101
35 1.61992 0 0.27751
36 1.57744 0 0.272199
37 1.5901 0 0.275372
38 1.55929 0 0.273079
39 1.57064 0 0.27607
40 1.51899 0 0.271131
41 1.50899 0 0.269882
42 1.52502 0 0.273412
43 1.54462 0 0.277406
44 1.57037 0 0.282196
45 1.44764 0 0.2683
46 1.46218 0 0.270118
47 1.51065 0 0.277688
48 1.48907 0 0.27648
49 1.46118 0 0.274455
50 1.4883 0 0.277845
51 1.4622 0 0.276044
52 1.44195 0 0.274955
53 2.99867 0 0.472559
54 2.99878 0 0.475556
